28.591
34.668
40.914
46.821
58.429
67.112
111.234
127.056
139.768
142.573
143.724
178.96
208.621
236.656
259.77
262.143
324.74
330.828
337.48
362.321
421.986
423.465
443.518
454.626
533.211
544.957
585.322
639.229
649.787
747.451
940.116
1018.02
1055.78
1061.7
1078.68
1197.41
1202.07
1206.63
1217.32
1219.9
1231.07
1343.97
1364.1
1374.88
1375.05
1398.47
1403.18
1426.95
1436.66
1438.8
1441.68
1448.77
1474.07
1522.73
1638.55
1700.83
1718
1748.66
1822.31
1826.9
1842.73
1886.29
1938.23
2019.6
2019.84
2042.47
2107.5
2215.85
2358.75
2385.57
2449.7
2684.66
2701.59
2832.41
2858.42
3046.74
3123.98
3195.07
3217.72
3303.14
3356.48
3414.97
3416.94
3754.61
3784.86
3813.55
3845.94
3850.85
4102.74
4246.49
4579.65
4689.07
4704.92
4774.44
4822.37
4857.73
5206.32
6223.84
7393.47
10327.6
